Block Size	Time Taken
100	0.000000
200	0.000000
300	0.000000
400	0.000000
500	0.000000
600	0.000000
700	0.001000
800	0.001000
900	0.000000
1000	0.001000
1100	0.001000
1200	0.002000
1300	0.001000
1400	0.002000
1500	0.002000
1600	0.002000
1700	0.002000
1800	0.003000
1900	0.003000
2000	0.004000
2100	0.003000
2200	0.004000
2300	0.004000
2400	0.005000
2500	0.005000
2600	0.006000
2700	0.007000
2800	0.006000
2900	0.008000
3000	0.007000
3100	0.008000
3200	0.009000
3300	0.009000
3400	0.009000
3500	0.011000
3600	0.012000
3700	0.012000
3800	0.012000
3900	0.013000
4000	0.014000
4100	0.015000
4200	0.015000
4300	0.016000
4400	0.017000
4500	0.018000
4600	0.018000
4700	0.019000
4800	0.022000
4900	0.021000
5000	0.021000
5100	0.022000
5200	0.024000
5300	0.024000
5400	0.025000
5500	0.026000
5600	0.027000
5700	0.028000
5800	0.029000
5900	0.030000
6000	0.031000
6100	0.032000
6200	0.033000
6300	0.034000
6400	0.035000
6500	0.036000
6600	0.037000
6700	0.038000
6800	0.040000
6900	0.042000
7000	0.043000
7100	0.044000
7200	0.044000
7300	0.045000
7400	0.047000
7500	0.052000
7600	0.050000
7700	0.053000
7800	0.052000
7900	0.053000
8000	0.055000
8100	0.056000
8200	0.058000
8300	0.059000
8400	0.060000
8500	0.061000
8600	0.063000
8700	0.064000
8800	0.066000
8900	0.068000
9000	0.070000
9100	0.070000
9200	0.072000
9300	0.073000
9400	0.078000
9500	0.080000
9600	0.079000
9700	0.080000
9800	0.083000
9900	0.084000
10000	0.085000
10100	0.086000
10200	0.088000
10300	0.092000
10400	0.092000
10500	0.094000
10600	0.097000
10700	0.097000
10800	0.099000
10900	0.102000
11000	0.104000
11100	0.106000
11200	0.106000
11300	0.108000
11400	0.110000
11500	0.113000
11600	0.116000
11700	0.117000
11800	0.118000
11900	0.120000
12000	0.122000
12100	0.124000
12200	0.126000
12300	0.128000
12400	0.134000
12500	0.135000
12600	0.137000
12700	0.139000
12800	0.140000
12900	0.142000
13000	0.144000
13100	0.146000
13200	0.150000
13300	0.151000
13400	0.153000
13500	0.156000
13600	0.157000
13700	0.160000
13800	0.165000
13900	0.164000
14000	0.169000
14100	0.170000
14200	0.173000
14300	0.176000
14400	0.179000
14500	0.178000
14600	0.181000
14700	0.185000
14800	0.187000
14900	0.191000
15000	0.191000
15100	0.194000
15200	0.196000
15300	0.198000
15400	0.201000
15500	0.205000
15600	0.209000
15700	0.209000
15800	0.213000
15900	0.219000
16000	0.220000
16100	0.221000
16200	0.231000
16300	0.228000
16400	0.229000
16500	0.231000
16600	0.238000
16700	0.238000
16800	0.245000
16900	0.257000
17000	0.251000
17100	0.249000
17200	0.253000
17300	0.255000
17400	0.256000
17500	0.260000
17600	0.262000
17700	0.265000
17800	0.269000
17900	0.272000
18000	0.274000
18100	0.277000
18200	0.281000
18300	0.284000
18400	0.290000
18500	0.291000
18600	0.292000
18700	0.297000
18800	0.299000
18900	0.302000
19000	0.306000
19100	0.309000
19200	0.313000
19300	0.342000
19400	0.322000
19500	0.322000
19600	0.338000
19700	0.329000
19800	0.337000
19900	0.340000
20000	0.339000
20100	0.342000
20200	0.354000
20300	0.353000
20400	0.353000
20500	0.355000
20600	0.360000
20700	0.375000
20800	0.368000
20900	0.375000
21000	0.373000
21100	0.377000
21200	0.390000
21300	0.388000
21400	0.389000
21500	0.391000
21600	0.394000
21700	0.401000
21800	0.404000
21900	0.404000
22000	0.412000
22100	0.413000
22200	0.417000
22300	0.422000
22400	0.425000
22500	0.429000
22600	0.433000
22700	0.438000
22800	0.440000
22900	0.450000
23000	0.449000
23100	0.456000
23200	0.457000
23300	0.463000
23400	0.463000
23500	0.467000
23600	0.473000
23700	0.476000
23800	0.484000
23900	0.485000
24000	0.487000
24100	0.492000
24200	0.497000
24300	0.501000
24400	0.504000
24500	0.532000
24600	0.513000
24700	0.518000
24800	0.522000
24900	0.525000
25000	0.529000
25100	0.533000
25200	0.538000
25300	0.540000
25400	0.546000
25500	0.551000
25600	0.553000
25700	0.559000
25800	0.564000
25900	0.569000
26000	0.572000
26100	0.576000
26200	0.584000
26300	0.584000
26400	0.603000
26500	0.606000
26600	0.602000
26700	0.604000
26800	0.609000
26900	0.613000
27000	0.617000
27100	0.622000
27200	0.629000
27300	0.630000
27400	0.636000
27500	0.640000
27600	0.648000
27700	0.651000
27800	0.664000
27900	0.659000
28000	0.665000
28100	0.674000
28200	0.673000
28300	0.686000
28400	0.686000
28500	0.689000
28600	0.699000
28700	0.700000
28800	0.715000
28900	0.722000
29000	0.718000
29100	0.719000
29200	0.724000
29300	0.733000
29400	0.744000
29500	0.742000
29600	0.745000
29700	0.749000
29800	0.755000
29900	0.758000
30000	0.765000
30100	0.779000
30200	0.783000
30300	0.779000
30400	0.787000
30500	0.792000
30600	0.801000
30700	0.804000
30800	0.811000
30900	0.829000
31000	0.821000
31100	0.829000
31200	0.826000
31300	0.833000
31400	0.837000
31500	0.844000
31600	0.847000
31700	0.852000
31800	0.860000
31900	0.889000
32000	0.879000
32100	0.881000
32200	0.880000
32300	0.914000
32400	0.904000
32500	0.898000
32600	0.901000
32700	0.937000
32800	0.921000
32900	0.918000
33000	0.925000
33100	0.929000
33200	0.938000
33300	0.941000
33400	0.954000
33500	0.951000
33600	0.957000
33700	0.962000
33800	0.988000
33900	0.984000
34000	0.989000
34100	0.988000
34200	1.001000
34300	1.004000
34400	1.008000
34500	1.010000
34600	1.025000
34700	1.022000
34800	1.029000
34900	1.051000
35000	1.042000
35100	1.067000
35200	1.054000
35300	1.056000
35400	1.067000
35500	1.072000
35600	1.087000
35700	1.089000
35800	1.093000
35900	1.103000
36000	1.131000
36100	1.135000
36200	1.147000
36300	1.128000
36400	1.125000
36500	1.133000
36600	1.147000
36700	1.145000
36800	1.206000
36900	1.161000
37000	1.187000
37100	1.190000
37200	1.206000
37300	1.209000
37400	1.198000
37500	1.195000
37600	1.198000
37700	1.206000
37800	1.233000
37900	1.221000
38000	1.242000
38100	1.262000
38200	1.265000
38300	1.287000
38400	1.329000
38500	1.313000
38600	1.291000
38700	1.272000
38800	1.313000
38900	1.281000
39000	1.294000
39100	1.295000
39200	1.302000
39300	1.358000
39400	1.319000
39500	1.323000
39600	1.346000
39700	1.338000
39800	1.351000
39900	1.396000
40000	1.379000
40100	1.371000
40200	1.637000
40300	2.303000
40400	2.489000
40500	1.496000
40600	1.425000
40700	1.437000
40800	1.475000
40900	1.447000
41000	1.456000
41100	1.562000
41200	1.960000
41300	1.788000
41400	1.710000
41500	1.971000
41600	1.904000
41700	1.816000
41800	1.833000
41900	1.817000
42000	2.028000
42100	2.129000
42200	2.151000
42300	2.026000
42400	2.178000
42500	2.181000
42600	2.231000
42700	2.209000
42800	2.086000
42900	2.109000
43000	1.846000
43100	1.889000
43200	2.206000
43300	2.442000
43400	2.095000
43500	1.975000
43600	2.186000
43700	1.908000
43800	2.033000
43900	2.420000
44000	2.378000
44100	2.427000
44200	2.309000
44300	2.236000
44400	2.214000
44500	2.215000
44600	2.476000
44700	2.156000
44800	1.706000
44900	1.719000
45000	1.725000
45100	1.734000
45200	1.802000
45300	1.773000
45400	1.751000
45500	1.755000
45600	1.764000
45700	1.804000
45800	1.808000
45900	1.810000
46000	1.794000
46100	1.815000
46200	1.830000
46300	1.880000
46400	1.829000
46500	1.834000
46600	1.838000
46700	1.849000
46800	1.858000
46900	1.868000
47000	1.872000
47100	1.876000
47200	1.921000
47300	1.898000
47400	1.913000
47500	1.926000
47600	1.918000
47700	1.971000
47800	1.964000
47900	1.955000
48000	2.001000
48100	1.965000
48200	1.980000
48300	1.988000
48400	1.986000
48500	1.992000
48600	2.026000
48700	2.019000
48800	2.029000
48900	2.031000
49000	2.065000
49100	2.049000
49200	2.068000
49300	2.065000
49400	2.070000
49500	2.116000
49600	2.092000
49700	2.113000
49800	2.120000
49900	2.116000
50000	2.126000
50100	2.172000
50200	2.150000
50300	2.157000
50400	2.161000
50500	2.166000
50600	2.192000
50700	2.183000
50800	2.226000
50900	2.207000
51000	2.213000
51100	2.217000
51200	2.225000
51300	2.228000
51400	2.262000
51500	2.283000
51600	2.260000
51700	2.272000
51800	2.279000
51900	2.285000
52000	2.310000
52100	2.306000
52200	2.317000
52300	2.322000
52400	2.323000
52500	2.349000
52600	2.356000
52700	2.434000
52800	2.373000
52900	2.387000
53000	2.390000
53100	2.402000
53200	2.401000
53300	2.421000
53400	2.428000
53500	2.437000
53600	2.448000
53700	2.449000
53800	2.491000
53900	2.465000
54000	2.485000
54100	2.490000
54200	2.494000
54300	2.503000
54400	2.528000
54500	2.550000
54600	2.534000
54700	2.585000
54800	2.560000
54900	2.596000
55000	2.576000
55100	2.594000
55200	2.589000
55300	2.627000
55400	2.622000
55500	2.619000
55600	2.641000
55700	2.649000
55800	2.685000
55900	2.648000
56000	2.658000
56100	2.667000
56200	2.673000
56300	2.722000
56400	2.703000
56500	2.718000
56600	2.715000
56700	2.739000
56800	2.739000
56900	2.910000
57000	3.832000
57100	3.611000
57200	3.416000
57300	3.430000
57400	3.498000
57500	3.396000
57600	3.362000
57700	3.589000
57800	3.418000
57900	3.246000
58000	3.345000
58100	3.346000
58200	3.818000
58300	3.826000
58400	3.443000
58500	3.398000
58600	3.359000
58700	3.482000
58800	3.281000
58900	3.132000
59000	3.291000
59100	3.263000
59200	3.049000
59300	3.002000
59400	2.999000
59500	3.052000
59600	3.012000
59700	3.077000
59800	3.053000
59900	3.053000
60000	3.085000
60100	3.096000
60200	3.102000
60300	3.100000
60400	3.133000
60500	3.120000
60600	3.132000
60700	3.161000
60800	3.141000
60900	3.165000
61000	3.153000
61100	3.245000
61200	3.237000
61300	3.202000
61400	3.216000
61500	3.252000
61600	3.233000
61700	3.235000
61800	3.246000
61900	3.266000
62000	3.287000
62100	3.283000
62200	3.302000
62300	3.434000
62400	3.312000
62500	3.348000
62600	3.386000
62700	3.327000
62800	3.371000
62900	3.362000
63000	3.373000
63100	3.385000
63200	3.397000
63300	3.403000
63400	3.408000
63500	3.415000
63600	3.424000
63700	3.433000
63800	3.452000
63900	3.472000
64000	3.475000
64100	3.495000
64200	3.536000
64300	3.501000
64400	3.506000
64500	3.537000
64600	3.548000
64700	3.618000
64800	3.569000
64900	3.595000
65000	3.630000
65100	3.609000
65200	3.655000
65300	3.631000
65400	3.655000
65500	3.661000
65600	3.682000
65700	3.684000
65800	3.685000
65900	3.708000
66000	3.730000
66100	3.736000
66200	3.825000
66300	4.971000
66400	7.313000
66500	7.516000
66600	8.181000
66700	7.777000
66800	7.200000
66900	7.422000
67000	6.775000
67100	6.868000
67200	7.732000
67300	7.566000
67400	7.676000
67500	7.979000
67600	7.549000
67700	7.563000
67800	7.820000
67900	7.909000
68000	8.129000
68100	7.502000
68200	7.175000
68300	7.075000
68400	4.007000
68500	3.995000
68600	3.997000
68700	4.001000
68800	4.024000
68900	4.058000
69000	4.058000
69100	4.073000
69200	4.086000
69300	4.084000
69400	4.101000
69500	4.098000
69600	4.133000
69700	4.164000
69800	4.150000
69900	4.164000
70000	4.156000
70100	4.170000
70200	4.207000
70300	4.240000
70400	4.204000
70500	4.244000
70600	4.255000
70700	4.316000
70800	4.257000
70900	4.286000
71000	4.360000
71100	4.302000
71200	4.304000
71300	4.351000
71400	4.406000
71500	4.363000
71600	4.372000
71700	4.375000
71800	4.374000
71900	4.443000
72000	4.416000
72100	4.422000
72200	4.429000
72300	4.444000
72400	4.473000
72500	4.501000
72600	4.484000
72700	4.526000
72800	4.502000
72900	4.524000
73000	4.536000
73100	4.545000
73200	4.606000
73300	4.570000
73400	4.601000
73500	4.601000
73600	4.627000
73700	4.617000
73800	4.659000
73900	4.636000
74000	4.659000
74100	4.667000
74200	4.680000
74300	4.688000
74400	4.706000
74500	4.706000
74600	4.715000
74700	4.761000
74800	4.739000
74900	4.750000
75000	4.759000
75100	4.834000
75200	4.879000
75300	4.829000
75400	4.844000
75500	4.840000
75600	4.871000
75700	4.874000
75800	4.873000
75900	4.893000
76000	4.901000
76100	4.911000
76200	4.969000
76300	4.957000
76400	5.008000
76500	4.987000
76600	4.975000
76700	4.988000
76800	5.016000
76900	5.063000
77000	5.039000
77100	5.076000
77200	5.179000
77300	5.903000
77400	6.810000
77500	6.248000
77600	5.137000
77700	5.208000
77800	5.197000
77900	5.151000
78000	5.168000
78100	5.179000
78200	5.202000
78300	5.206000
78400	5.208000
78500	5.237000
78600	5.264000
78700	5.337000
78800	5.306000
78900	5.278000
79000	5.299000
79100	5.313000
79200	5.371000
79300	5.366000
79400	5.387000
79500	5.357000
79600	5.408000
79700	5.437000
79800	5.444000
79900	5.503000
80000	5.477000
80100	5.548000
80200	5.533000
80300	5.502000
80400	5.529000
80500	5.543000
80600	5.557000
80700	5.581000
80800	5.663000
80900	5.603000
81000	5.611000
81100	5.635000
81200	5.621000
81300	5.718000
81400	5.659000
81500	5.664000
81600	5.678000
81700	5.687000
81800	5.698000
81900	5.695000
82000	5.710000
82100	5.730000
82200	5.789000
82300	5.766000
82400	5.767000
82500	5.845000
82600	5.860000
82700	5.837000
82800	5.899000
82900	5.874000
83000	5.928000
83100	5.895000
83200	5.904000
83300	5.950000
83400	5.934000
83500	5.965000
83600	6.015000
83700	6.192000
83800	6.100000
83900	6.050000
84000	5.978000
84100	6.147000
84200	6.034000
84300	6.074000
84400	6.091000
84500	6.110000
84600	6.256000
84700	6.148000
84800	6.263000
84900	6.148000
85000	6.365000
85100	6.390000
85200	6.264000
85300	6.200000
85400	6.217000
85500	6.337000
85600	6.595000
85700	6.367000
85800	6.335000
85900	6.405000
86000	6.391000
86100	6.495000
86200	6.567000
86300	6.507000
86400	6.457000
86500	6.503000
86600	6.466000
86700	6.541000
86800	6.446000
86900	6.452000
87000	6.483000
87100	6.463000
87200	6.716000
87300	6.643000
87400	6.698000
87500	6.627000
87600	6.675000
87700	6.550000
87800	6.671000
87900	6.756000
88000	6.639000
88100	6.715000
88200	6.748000
88300	6.796000
88400	6.667000
88500	6.801000
88600	6.704000
88700	6.700000
88800	6.779000
88900	6.845000
89000	7.002000
89100	6.847000
89200	6.768000
89300	6.859000
89400	7.160000
89500	6.958000
89600	6.855000
89700	6.857000
89800	6.834000
89900	6.884000
90000	6.982000
90100	6.898000
90200	6.936000
90300	6.915000
90400	6.919000
90500	6.981000
90600	6.963000
90700	7.021000
90800	7.052000
90900	7.139000
91000	7.197000
91100	7.049000
91200	7.067000
91300	7.138000
91400	7.099000
91500	7.151000
91600	7.390000
91700	7.305000
91800	7.302000
91900	7.264000
92000	7.234000
92100	7.278000
92200	7.259000
92300	7.366000
92400	7.401000
92500	7.414000
92600	7.372000
92700	7.377000
92800	7.534000
92900	7.441000
93000	7.462000
93100	7.445000
93200	7.515000
93300	7.460000
93400	7.419000
93500	7.504000
93600	7.624000
93700	7.565000
93800	7.607000
93900	7.601000
94000	7.571000
94100	7.768000
94200	7.647000
94300	7.700000
94400	7.644000
94500	7.638000
94600	7.704000
94700	7.759000
94800	7.700000
94900	7.832000
95000	7.686000
95100	7.868000
95200	7.921000
95300	7.841000
95400	7.784000
95500	7.983000
95600	7.821000
95700	7.963000
95800	7.880000
95900	7.861000
96000	7.867000
96100	7.928000
96200	7.904000
96300	8.005000
96400	8.042000
96500	8.008000
96600	8.072000
96700	8.093000
96800	8.058000
96900	8.570000
97000	8.305000
97100	8.156000
97200	8.061000
97300	8.242000
97400	8.116000
97500	8.180000
97600	8.310000
97700	8.126000
97800	8.248000
97900	8.497000
98000	8.208000
98100	8.161000
98200	8.312000
98300	8.270000
98400	8.376000
98500	8.292000
98600	8.326000
98700	8.430000
98800	8.440000
98900	8.343000
99000	8.506000
99100	8.402000
99200	8.629000
99300	8.460000
99400	8.407000
99500	8.531000
99600	8.489000
99700	8.597000
99800	8.595000
99900	8.508000
100000	8.541000
