Block Size	Time Taken
100	0.000007
200	0.000024
300	0.000016
400	0.000020
500	0.000026
600	0.000031
700	0.000037
800	0.000042
900	0.000082
1000	0.000055
1100	0.000058
1200	0.000064
1300	0.000098
1400	0.000077
1500	0.000099
1600	0.000084
1700	0.000090
1800	0.000095
1900	0.000100
2000	0.000105
2100	0.000113
2200	0.000135
2300	0.000121
2400	0.000127
2500	0.000134
2600	0.000141
2700	0.000180
2800	0.000150
2900	0.000156
3000	0.000196
3100	0.000169
3200	0.000173
3300	0.000179
3400	0.000184
3500	0.000190
3600	0.000216
3700	0.000201
3800	0.000205
3900	0.000211
4000	0.000218
4100	0.000223
4200	0.000230
4300	0.000235
4400	0.000276
4500	0.000247
4600	0.000252
4700	0.000259
4800	0.000264
4900	0.000288
5000	0.000290
5100	0.000283
5200	0.000290
5300	0.000316
5400	0.000311
5500	0.000317
5600	0.000322
5700	0.000326
5800	0.000333
5900	0.000343
6000	0.000380
6100	0.000356
6200	0.000390
6300	0.000383
6400	0.000369
6500	0.000379
6600	0.000381
6700	0.000389
6800	0.000393
6900	0.000439
7000	0.000410
7100	0.000412
7200	0.000431
7300	0.000423
7400	0.000428
7500	0.000434
7600	0.000440
7700	0.000478
7800	0.000451
7900	0.000457
8000	0.000463
8100	0.000468
8200	0.000474
8300	0.000481
8400	0.000525
8500	0.000495
8600	0.000501
8700	0.000505
8800	0.000512
8900	0.000522
9000	0.000529
9100	0.000530
9200	0.000545
9300	0.000549
9400	0.000563
9500	0.000542
9600	0.000548
9700	0.000583
9800	0.000558
9900	0.000566
10000	0.000604
10100	0.000580
10200	0.000663
10300	0.000590
10400	0.000598
10500	0.000634
10600	0.000613
10700	0.000649
10800	0.000676
10900	0.000646
11000	0.000636
11100	0.000669
11200	0.000643
11300	0.000699
11400	0.000685
11500	0.000665
11600	0.000726
11700	0.000681
11800	0.000768
11900	0.000696
12000	0.000726
12100	0.000703
12200	0.000707
12300	0.000761
12400	0.000748
12500	0.000726
12600	0.000733
12700	0.000829
12800	0.000774
12900	0.000751
13000	0.000758
13100	0.000777
13200	0.000780
13300	0.000801
13400	0.000808
13500	0.000788
13600	0.000844
13700	0.000797
13800	0.000807
13900	0.000844
14000	0.000880
14100	0.000823
14200	0.000854
14300	0.000832
14400	0.000870
14500	0.000844
14600	0.000879
14700	0.000890
14800	0.000896
14900	0.000899
15000	0.000876
15100	0.000911
15200	0.000947
15300	0.000916
15400	0.000925
15500	0.000932
15600	0.000938
15700	0.000944
15800	0.000922
15900	0.000964
16000	0.000999
16100	0.000938
16200	0.000970
16300	0.000948
16400	0.000984
16500	0.000991
16600	0.001002
16700	0.001007
16800	0.001014
16900	0.001022
17000	0.000997
17100	0.001031
17200	0.001010
17300	0.001052
17400	0.001100
17500	0.001090
17600	0.001082
17700	0.001072
17800	0.001079
17900	0.001095
18000	0.001079
18100	0.001096
18200	0.001105
18300	0.001079
18400	0.001109
18500	0.001147
18600	0.001094
18700	0.001102
18800	0.001172
18900	0.001148
19000	0.001151
19100	0.001159
19200	0.001166
19300	0.001181
19400	0.001200
19500	0.001169
19600	0.001174
19700	0.001211
19800	0.001216
19900	0.001193
20000	0.001236
20100	0.001205
20200	0.001238
20300	0.001269
20400	0.001211
20500	0.001240
20600	0.001225
20700	0.001259
20800	0.001316
20900	0.001278
21000	0.001285
21100	0.001292
21200	0.001299
21300	0.001339
21400	0.001313
21500	0.001323
21600	0.001355
21700	0.001339
21800	0.001347
21900	0.001314
22000	0.001322
22100	0.001404
22200	0.001357
22300	0.001359
22400	0.001363
22500	0.001365
22600	0.001401
22700	0.001380
22800	0.001383
22900	0.001371
23000	0.001415
23100	0.001415
23200	0.001420
23300	0.001513
23400	0.001434
23500	0.001442
23600	0.001494
23700	0.001464
23800	0.001521
23900	0.001479
24000	0.001526
24100	0.001481
24200	0.001485
24300	0.001489
24400	0.001493
24500	0.001524
24600	0.001503
24700	0.001542
24800	0.001520
24900	0.001557
25000	0.001537
25100	0.001541
25200	0.001549
25300	0.001553
25400	0.001567
25500	0.001566
25600	0.001607
25700	0.001552
25800	0.001646
25900	0.001593
26000	0.001629
26100	0.001605
26200	0.001644
26300	0.001618
26400	0.001652
26500	0.001622
26600	0.001630
26700	0.001635
26800	0.001646
26900	0.001652
27000	0.001659
27100	0.001698
27200	0.001673
27300	0.001713
27400	0.001686
27500	0.001724
27600	0.001699
27700	0.001721
27800	0.001692
27900	0.001757
28000	0.001730
28100	0.001762
28200	0.001736
28300	0.001724
28400	0.001769
28500	0.001744
28600	0.001749
28700	0.001760
28800	0.001793
28900	0.001775
29000	0.001785
29100	0.001791
29200	0.001805
29300	0.001806
29400	0.001844
29500	0.001816
29600	0.001850
29700	0.001831
29800	0.001839
29900	0.001837
30000	0.001875
30100	0.001849
30200	0.001848
30300	0.001892
30400	0.001863
30500	0.001903
30600	0.001870
30700	0.001908
30800	0.001857
30900	0.001925
31000	0.001904
31100	0.001956
31200	0.001978
31300	0.001936
31400	0.001963
31500	0.001936
31600	0.002019
31700	0.001948
31800	0.001987
31900	0.002043
32000	0.001970
32100	0.002009
32200	0.001977
32300	0.002044
32400	0.002050
32500	0.001986
32600	0.002041
32700	0.002028
32800	0.002052
32900	0.002042
33000	0.002049
33100	0.002031
33200	0.002037
33300	0.002106
33400	0.002083
33500	0.002104
33600	0.002143
33700	0.002072
33800	0.002178
33900	0.002136
34000	0.002149
34100	0.002132
34200	0.002106
34300	0.002116
34400	0.002150
34500	0.002137
34600	0.002190
34700	0.002227
34800	0.002145
34900	0.002187
35000	0.002211
35100	0.002170
35200	0.002238
35300	0.002186
35400	0.002219
35500	0.002233
35600	0.002234
35700	0.002212
35800	0.002284
35900	0.002238
36000	0.002274
36100	0.002247
36200	0.002245
36300	0.002299
36400	0.002290
36500	0.002261
36600	0.002300
36700	0.002329
36800	0.002295
36900	0.002309
37000	0.002319
37100	0.002325
37200	0.002337
37300	0.002348
37400	0.002325
37500	0.002334
37600	0.002374
37700	0.002353
37800	0.002386
37900	0.002398
38000	0.002406
38100	0.002377
38200	0.002415
38300	0.002429
38400	0.002436
38500	0.002445
38600	0.002422
38700	0.002484
38800	0.002421
38900	0.002458
39000	0.002472
39100	0.002449
39200	0.002485
39300	0.002492
39400	0.002530
39500	0.002506
39600	0.002513
39700	0.002523
39800	0.002494
39900	0.002529
40000	0.002547
40100	0.002579
40200	0.002525
40300	0.002542
40400	0.002797
40500	0.002622
40600	0.002650
40700	0.002597
40800	0.002588
40900	0.002615
41000	0.002650
41100	0.002587
41200	0.002599
41300	0.002663
41400	0.002636
41500	0.002590
41600	0.002649
41700	0.002686
41800	0.002677
41900	0.002620
42000	0.002632
42100	0.002711
42200	0.002727
42300	0.002698
42400	0.002691
42500	0.002732
42600	0.002759
42700	0.002765
42800	0.002749
42900	0.002694
43000	0.002726
43100	0.002762
43200	0.002774
43300	0.002739
43400	0.002725
43500	0.002766
43600	0.002799
43700	0.002804
43800	0.002786
43900	0.002758
44000	0.002796
44100	0.002832
44200	0.002837
44300	0.002817
44400	0.002794
44500	0.002812
44600	0.002817
44700	0.002846
44800	0.002861
44900	0.002852
45000	0.002823
45100	0.002834
45200	0.002874
45300	0.002826
45400	0.002861
45500	0.002875
45600	0.002882
45700	0.002857
45800	0.002899
45900	0.002906
46000	0.002939
46100	0.002924
46200	0.002898
46300	0.002933
46400	0.002939
46500	0.002977
46600	0.002958
46700	0.002996
46800	0.003004
46900	0.002982
47000	0.002990
47100	0.003070
47200	0.003045
47300	0.003096
47400	0.003098
47500	0.003044
47600	0.003075
47700	0.003077
47800	0.003056
47900	0.003051
48000	0.003028
48100	0.003083
48200	0.003115
48300	0.003103
48400	0.003133
48500	0.003085
48600	0.003142
48700	0.003114
48800	0.003094
48900	0.003091
49000	0.003093
49100	0.003135
49200	0.003145
49300	0.003123
49400	0.003191
49500	0.003230
49600	0.003159
49700	0.003188
49800	0.003195
49900	0.003215
50000	0.003213
50100	0.003180
50200	0.003189
50300	0.003195
50400	0.003252
50500	0.003230
50600	0.003267
50700	0.003260
50800	0.003283
50900	0.003255
51000	0.003265
51100	0.003306
51200	0.003321
51300	0.003297
51400	0.003300
51500	0.003310
51600	0.003315
51700	0.003294
51800	0.003327
51900	0.003345
52000	0.003308
52100	0.003316
52200	0.003324
52300	0.003335
52400	0.003336
52500	0.003499
52600	0.003344
52700	0.003365
52800	0.003379
52900	0.003352
53000	0.003358
53100	0.003361
53200	0.003427
53300	0.003407
53400	0.003440
53500	0.003444
53600	0.003433
53700	0.003445
53800	0.003529
53900	0.003456
54000	0.003435
54100	0.003470
54200	0.003507
54300	0.003473
54400	0.003446
54500	0.003470
54600	0.003476
54700	0.003485
54800	0.003495
54900	0.003494
55000	0.003551
55100	0.003510
55200	0.003549
55300	0.003570
55400	0.003705
55500	0.003580
55600	0.003572
55700	0.003604
55800	0.003646
55900	0.003653
56000	0.003615
56100	0.003609
56200	0.003590
56300	0.003621
56400	0.003650
56500	0.003599
56600	0.003629
56700	0.003663
56800	0.003635
56900	0.003602
57000	0.003810
57100	0.003682
57200	0.003756
57300	0.003673
57400	0.003696
57500	0.003710
57600	0.003738
57700	0.003693
57800	0.003714
57900	0.003724
58000	0.003744
58100	0.003689
58200	0.003749
58300	0.003715
58400	0.003757
58500	0.003764
58600	0.003745
58700	0.003805
58800	0.003758
58900	0.003795
59000	0.003781
59100	0.003798
59200	0.003763
59300	0.003775
59400	0.003806
59500	0.003812
59600	0.003819
59700	0.003825
59800	0.003830
59900	0.003872
60000	0.003845
60100	0.003821
60200	0.003833
60300	0.003891
60400	0.003875
60500	0.003879
60600	0.003886
60700	0.003891
60800	0.003890
60900	0.003886
61000	0.004186
61100	0.003926
61200	0.003901
61300	0.003882
61400	0.003938
61500	0.003917
61600	0.003923
61700	0.003935
61800	0.004015
61900	0.004020
62000	0.004056
62100	0.004002
62200	0.003972
62300	0.003998
62400	0.003992
62500	0.004034
62600	0.004038
62700	0.004039
62800	0.004024
62900	0.004084
63000	0.004068
63100	0.004043
63200	0.004024
63300	0.004052
63400	0.004064
63500	0.004049
63600	0.004082
63700	0.004116
63800	0.004126
63900	0.004172
64000	0.004138
64100	0.004090
64200	0.004116
64300	0.004090
64400	0.004123
64500	0.004127
64600	0.004153
64700	0.004132
64800	0.004133
64900	0.004139
65000	0.004117
65100	0.004174
65200	0.004151
65300	0.004155
65400	0.004180
65500	0.004200
65600	0.004147
65700	0.004185
65800	0.004191
65900	0.004205
66000	0.004217
66100	0.004359
66200	0.004279
66300	0.004272
66400	0.004243
66500	0.004256
66600	0.004293
66700	0.004330
66800	0.004357
66900	0.004363
67000	0.004436
67100	0.004325
67200	0.004284
67300	0.004342
67400	0.004320
67500	0.004324
67600	0.004336
67700	0.004357
67800	0.004378
67900	0.004385
68000	0.004394
68100	0.004347
68200	0.004405
68300	0.004387
68400	0.004402
68500	0.004436
68600	0.004419
68700	0.004447
68800	0.004454
68900	0.004462
69000	0.004440
69100	0.004450
69200	0.004480
69300	0.004477
69400	0.004431
69500	0.004457
69600	0.004500
69700	0.004656
69800	0.004603
69900	0.004590
70000	0.004559
70100	0.004516
70200	0.004580
70300	0.004572
70400	0.004578
70500	0.004656
70600	0.004567
70700	0.004594
70800	0.004595
70900	0.004602
71000	0.004581
71100	0.004598
71200	0.004622
71300	0.004626
71400	0.004637
71500	0.004632
71600	0.004646
71700	0.004662
71800	0.004672
71900	0.004678
72000	0.004669
72100	0.004709
72200	0.004686
72300	0.004658
72400	0.004689
72500	0.004694
72600	0.004712
72700	0.004731
72800	0.004740
72900	0.004690
73000	0.004718
73100	0.004730
73200	0.004706
73300	0.004706
73400	0.004708
73500	0.004742
73600	0.004751
73700	0.004820
73800	0.004780
73900	0.004933
74000	0.004788
74100	0.004847
74200	0.004803
74300	0.004787
74400	0.004898
74500	0.005012
74600	0.004850
74700	0.004865
74800	0.004936
74900	0.004884
75000	0.004892
75100	0.004914
75200	0.004915
75300	0.004932
75400	0.004909
75500	0.005115
75600	0.004949
75700	0.004938
75800	0.004960
75900	0.004978
76000	0.004963
76100	0.004972
76200	0.004986
76300	0.004993
76400	0.004992
76500	0.004949
76600	0.005005
76700	0.005046
76800	0.004992
76900	0.005031
77000	0.005007
77100	0.005017
77200	0.005154
77300	0.005034
77400	0.005099
77500	0.005018
77600	0.005012
77700	0.005065
77800	0.005047
77900	0.005056
78000	0.005113
78100	0.005117
78200	0.005080
78300	0.005076
78400	0.005083
78500	0.005065
78600	0.005132
78700	0.005109
78800	0.005167
78900	0.005209
79000	0.005196
79100	0.005151
79200	0.005187
79300	0.005172
79400	0.005177
79500	0.005181
79600	0.005166
79700	0.005192
79800	0.005384
79900	0.005185
80000	0.005255
80100	0.005232
80200	0.005260
80300	0.005483
80400	0.005394
80500	0.005367
80600	0.005320
80700	0.005306
80800	0.005321
80900	0.005323
81000	0.005320
81100	0.005393
81200	0.005304
81300	0.005332
81400	0.005312
81500	0.005342
81600	0.005310
81700	0.005299
81800	0.005319
81900	0.005316
82000	0.005298
82100	0.005312
82200	0.005374
82300	0.005354
82400	0.005372
82500	0.005401
82600	0.005387
82700	0.005393
82800	0.005398
82900	0.005416
83000	0.005426
83100	0.005469
83200	0.005446
83300	0.005496
83400	0.005462
83500	0.005475
83600	0.005536
83700	0.005481
83800	0.005662
83900	0.005597
84000	0.005507
84100	0.005564
84200	0.005565
84300	0.005538
84400	0.005635
84500	0.005614
84600	0.005600
84700	0.005543
84800	0.005554
84900	0.005563
85000	0.005557
85100	0.005565
85200	0.005625
85300	0.005576
85400	0.005677
85500	0.005619
85600	0.005595
85700	0.005661
85800	0.005600
85900	0.005632
86000	0.005688
86100	0.005621
86200	0.005690
86300	0.005678
86400	0.005675
86500	0.005680
86600	0.005757
86700	0.005787
86800	0.005817
86900	0.005983
87000	0.005773
87100	0.005845
87200	0.005821
87300	0.006075
87400	0.005903
87500	0.006231
87600	0.005881
87700	0.005843
87800	0.005888
87900	0.005899
88000	0.005865
88100	0.005964
88200	0.006036
88300	0.006230
88400	0.006231
88500	0.006100
88600	0.005950
88700	0.006040
88800	0.005897
88900	0.005924
89000	0.005947
89100	0.005910
89200	0.005908
89300	0.006017
89400	0.005897
89500	0.006173
89600	0.005956
89700	0.005961
89800	0.005879
89900	0.005887
90000	0.005882
90100	0.005903
90200	0.005898
90300	0.005896
90400	0.005919
90500	0.005901
90600	0.005907
90700	0.005925
90800	0.005984
90900	0.005960
91000	0.005944
91100	0.005977
91200	0.006008
91300	0.005995
91400	0.005995
91500	0.005991
91600	0.006033
91700	0.006005
91800	0.006010
91900	0.006074
92000	0.006057
92100	0.006054
92200	0.006043
92300	0.006089
92400	0.006084
92500	0.006061
92600	0.006068
92700	0.006292
92800	0.006238
92900	0.006085
93000	0.006093
93100	0.006153
93200	0.006123
93300	0.006176
93400	0.006114
93500	0.006144
93600	0.006223
93700	0.006232
93800	0.006275
93900	0.006191
94000	0.006185
94100	0.006216
94200	0.006222
94300	0.006246
94400	0.006228
94500	0.006354
94600	0.006335
94700	0.006353
94800	0.006304
94900	0.006298
95000	0.006304
95100	0.006301
95200	0.006315
95300	0.006435
95400	0.006419
95500	0.006467
95600	0.006478
95700	0.006316
95800	0.006380
95900	0.006354
96000	0.006384
96100	0.006421
96200	0.006334
96300	0.006339
96400	0.006405
96500	0.006379
96600	0.006410
96700	0.006392
96800	0.006394
96900	0.006369
97000	0.006413
97100	0.006408
97200	0.006464
97300	0.006443
97400	0.006412
97500	0.006387
97600	0.006388
97700	0.006402
97800	0.006434
97900	0.006768
98000	0.006539
98100	0.006591
98200	0.006536
98300	0.006486
98400	0.006449
98500	0.006499
98600	0.006491
98700	0.006525
98800	0.006492
98900	0.006533
99000	0.006614
99100	0.006612
99200	0.006608
99300	0.006519
99400	0.006556
99500	0.006532
99600	0.006573
99700	0.006579
99800	0.006626
99900	0.006624
100000	0.006575
