Block Size	Time Taken
100	0.000009
200	0.000049
300	0.000062
400	0.000093
500	0.000132
600	0.000199
700	0.000216
800	0.000256
900	0.000314
1000	0.000378
1100	0.000451
1200	0.000526
1300	0.000659
1400	0.000711
1500	0.000807
1600	0.000907
1700	0.001015
1800	0.001154
1900	0.001238
2000	0.001367
2100	0.001532
2200	0.001643
2300	0.001941
2400	0.001973
2500	0.002152
2600	0.002292
2700	0.002464
2800	0.002662
2900	0.002817
3000	0.003047
3100	0.003313
3200	0.003636
3300	0.003800
3400	0.004044
3500	0.004228
3600	0.004457
3700	0.004790
3800	0.005082
3900	0.005184
4000	0.005407
4100	0.005720
4200	0.005948
4300	0.006227
4400	0.006612
4500	0.007118
4600	0.007466
4700	0.007913
4800	0.007847
4900	0.008164
5000	0.008394
5100	0.008724
5200	0.009028
5300	0.009426
5400	0.009662
5500	0.010098
5600	0.010494
5700	0.010870
5800	0.011170
5900	0.011520
6000	0.011984
6100	0.012506
6200	0.012947
6300	0.013496
6400	0.013648
6500	0.014090
6600	0.014445
6700	0.014866
6800	0.015359
6900	0.015750
7000	0.016234
7100	0.016741
7200	0.017236
7300	0.017933
7400	0.018259
7500	0.018733
7600	0.019350
7700	0.019818
7800	0.020342
7900	0.020927
8000	0.021425
8100	0.021967
8200	0.022394
8300	0.023061
8400	0.023847
8500	0.024267
8600	0.024739
8700	0.025338
8800	0.025905
8900	0.026501
9000	0.027128
9100	0.027883
9200	0.028625
9300	0.030436
9400	0.029786
9500	0.030632
9600	0.031079
9700	0.032017
9800	0.032691
9900	0.033210
10000	0.034375
10100	0.034908
10200	0.035054
10300	0.036171
10400	0.036769
10500	0.037186
10600	0.038181
10700	0.038617
10800	0.039177
10900	0.040329
11000	0.040787
11100	0.041479
11200	0.042219
11300	0.043194
11400	0.043674
11500	0.044262
11600	0.045116
11700	0.045900
11800	0.046969
11900	0.047377
12000	0.048521
12100	0.049431
12200	0.049935
12300	0.051789
12400	0.051569
12500	0.052213
12600	0.053593
12700	0.053824
12800	0.054526
12900	0.055336
13000	0.056423
13100	0.057124
13200	0.057885
13300	0.058926
13400	0.059671
13500	0.060568
13600	0.062001
13700	0.062384
13800	0.063216
13900	0.064152
14000	0.065461
14100	0.065967
14200	0.066861
14300	0.068073
14400	0.068895
14500	0.069734
14600	0.070755
14700	0.071336
14800	0.072164
14900	0.073182
15000	0.074005
15100	0.075576
15200	0.076209
15300	0.077028
15400	0.078943
15500	0.079280
15600	0.080444
15700	0.081184
15800	0.081910
15900	0.083413
16000	0.084654
16100	0.085796
16200	0.086299
16300	0.087462
16400	0.088391
16500	0.089489
16600	0.090819
16700	0.091320
16800	0.092651
16900	0.093618
17000	0.094866
17100	0.095726
17200	0.097412
17300	0.098167
17400	0.100275
17500	0.100306
17600	0.101804
17700	0.102741
17800	0.104076
17900	0.105475
18000	0.106504
18100	0.107565
18200	0.109142
18300	0.109745
18400	0.111234
18500	0.112474
18600	0.113365
18700	0.114679
18800	0.115858
18900	0.117330
19000	0.118429
19100	0.119803
19200	0.120885
19300	0.122183
19400	0.123320
19500	0.124305
19600	0.125960
19700	0.127301
19800	0.128446
19900	0.130177
20000	0.131529
20100	0.132121
20200	0.133652
20300	0.135123
20400	0.136208
20500	0.138002
20600	0.139353
20700	0.140121
20800	0.142225
20900	0.143289
21000	0.144718
21100	0.147338
21200	0.147536
21300	0.149703
21400	0.150285
21500	0.151347
21600	0.153162
21700	0.154217
21800	0.155786
21900	0.156855
22000	0.158734
22100	0.159961
22200	0.161686
22300	0.163118
22400	0.164543
22500	0.166025
22600	0.167444
22700	0.169112
22800	0.170577
22900	0.172149
23000	0.173777
23100	0.175182
23200	0.176707
23300	0.178964
23400	0.179710
23500	0.181273
23600	0.182538
23700	0.184618
23800	0.185814
23900	0.187335
24000	0.189171
24100	0.190785
24200	0.192255
24300	0.184866
24400	0.195483
24500	0.196870
24600	0.200339
24700	0.200021
24800	0.201876
24900	0.203693
25000	0.204453
25100	0.206559
25200	0.208225
25300	0.209645
25400	0.211862
25500	0.213178
25600	0.215103
25700	0.216187
25800	0.217762
25900	0.219412
26000	0.221290
26100	0.212092
26200	0.225036
26300	0.227024
26400	0.228467
26500	0.230679
26600	0.232632
26700	0.233754
26800	0.235422
26900	0.237324
27000	0.241419
27100	0.242755
27200	0.242394
27300	0.244527
27400	0.243261
27500	0.248212
27600	0.249325
27700	0.243078
27800	0.253470
27900	0.255441
28000	0.256863
28100	0.258781
28200	0.260602
28300	0.262743
28400	0.265277
28500	0.273348
28600	0.277092
28700	0.274695
28800	0.278436
28900	0.274868
29000	0.280254
29100	0.278747
29200	0.280407
29300	0.282274
29400	0.284012
29500	0.285670
29600	0.287942
29700	0.289685
29800	0.292211
29900	0.293722
30000	0.296221
30100	0.298094
30200	0.299942
30300	0.302024
30400	0.304343
30500	0.306151
30600	0.309971
30700	0.310087
30800	0.311682
30900	0.313700
31000	0.316687
31100	0.318306
31200	0.320617
31300	0.323267
31400	0.323784
31500	0.327141
31600	0.328376
31700	0.330131
31800	0.332518
31900	0.334412
32000	0.336253
32100	0.339111
32200	0.342859
32300	0.342699
32400	0.345210
32500	0.347010
32600	0.348699
32700	0.351002
32800	0.353361
32900	0.354968
33000	0.357116
33100	0.359271
33200	0.361495
33300	0.364255
33400	0.367650
33500	0.368203
33600	0.370711
33700	0.373078
33800	0.375077
33900	0.377774
34000	0.379448
34100	0.382304
34200	0.384122
34300	0.386155
34400	0.389438
34500	0.391684
34600	0.393961
34700	0.394484
34800	0.395878
34900	0.401761
35000	0.404030
35100	0.406671
35200	0.407889
35300	0.410121
35400	0.412532
35500	0.414904
35600	0.417095
35700	0.419944
35800	0.422142
35900	0.424759
36000	0.428012
36100	0.434832
36200	0.432991
36300	0.437578
36400	0.438013
36500	0.439180
36600	0.441989
36700	0.443908
36800	0.446060
36900	0.449323
37000	0.451759
37100	0.455366
37200	0.457056
37300	0.459065
37400	0.462067
37500	0.464902
37600	0.468902
37700	0.469794
37800	0.473057
37900	0.474906
38000	0.476579
38100	0.480757
38200	0.483140
38300	0.487051
38400	0.487557
38500	0.491067
38600	0.492734
38700	0.496323
38800	0.497362
38900	0.500161
39000	0.503084
39100	0.505767
39200	0.508250
39300	0.511849
39400	0.513392
39500	0.516622
39600	0.517915
39700	0.521894
39800	0.523500
39900	0.527195
40000	0.530276
40100	0.533983
40200	0.535399
40300	0.541352
40400	0.541281
40500	0.543958
40600	0.545268
40700	0.548269
40800	0.551652
40900	0.554444
41000	0.557797
41100	0.560665
41200	0.563127
41300	0.564513
41400	0.567536
41500	0.570499
41600	0.573269
41700	0.576581
41800	0.578909
41900	0.581501
42000	0.584704
42100	0.588764
42200	0.590588
42300	0.578449
42400	0.596183
42500	0.599435
42600	0.602085
42700	0.606058
42800	0.608201
42900	0.614271
43000	0.614814
43100	0.623260
43200	0.620240
43300	0.622488
43400	0.624664
43500	0.628090
43600	0.631755
43700	0.635231
43800	0.639828
43900	0.641301
44000	0.645347
44100	0.651741
44200	0.649723
44300	0.652688
44400	0.655628
44500	0.657113
44600	0.662087
44700	0.663641
44800	0.669952
44900	0.686684
45000	0.695395
45100	0.697255
45200	0.690898
45300	0.696018
45400	0.703817
45500	0.698024
45600	0.714893
45700	0.719974
45800	0.711284
45900	0.705253
46000	0.707747
46100	0.712885
46200	0.709355
46300	0.710088
46400	0.718744
46500	0.721020
46600	0.721706
46700	0.729135
46800	0.745117
46900	0.748520
47000	0.763414
47100	0.752068
47200	0.770200
47300	0.774957
47400	0.746191
47500	0.773000
47600	0.749845
47700	0.755204
47800	0.758866
47900	0.763801
48000	0.767478
48100	0.768398
48200	0.771884
48300	0.775661
48400	0.778809
48500	0.782111
48600	0.782823
48700	0.789606
48800	0.792017
48900	0.795538
49000	0.798407
49100	0.810437
49200	0.810883
49300	0.822391
49400	0.827391
49500	0.836088
49600	0.838370
49700	0.834691
49800	0.859362
49900	0.854831
50000	0.841917
50100	0.838009
50200	0.846052
50300	0.844131
50400	0.845819
50500	0.852027
50600	0.855431
50700	0.859425
50800	0.862304
50900	0.866166
51000	0.866463
51100	0.872750
51200	0.876626
51300	0.881611
51400	0.883116
51500	0.884163
51600	0.888637
51700	0.896732
51800	0.898390
51900	0.903109
52000	0.906583
52100	0.909052
52200	0.913562
52300	0.918284
52400	0.918397
52500	0.926300
52600	0.929971
52700	0.933440
52800	0.935774
52900	0.937739
53000	0.939252
53100	0.947563
53200	0.951901
53300	0.954922
53400	0.960050
53500	0.962882
53600	0.967728
53700	0.970103
53800	0.971421
53900	0.977761
54000	0.977847
54100	0.985628
54200	0.989681
54300	0.993256
54400	0.998003
54500	1.001006
54600	1.005067
54700	1.009984
54800	1.014375
54900	1.015010
55000	1.019434
55100	1.022866
55200	1.027708
55300	1.028493
55400	1.048329
55500	1.046566
55600	1.053114
55700	1.069255
55800	1.072488
55900	1.066768
56000	1.061627
56100	1.073742
56200	1.072889
56300	1.076869
56400	1.100196
56500	1.097110
56600	1.108213
56700	1.121017
56800	1.132184
56900	1.120602
57000	1.099095
57100	1.095581
57200	1.103696
57300	1.106615
57400	1.110806
57500	1.114523
57600	1.119678
57700	1.124805
57800	1.126502
57900	1.130398
58000	1.134851
58100	1.135378
58200	1.144295
58300	1.147701
58400	1.152779
58500	1.177164
58600	1.187374
58700	1.175494
58800	1.203045
58900	1.217273
59000	1.176500
59100	1.188418
59200	1.206929
59300	1.204469
59400	1.224744
59500	1.246403
59600	1.277864
59700	1.268347
59800	1.258499
59900	1.259543
60000	1.294024
60100	1.272554
60200	1.270991
60300	1.269789
60400	1.273976
60500	1.274490
60600	1.270161
60700	1.273303
60800	1.291887
60900	1.289770
61000	1.283857
61100	1.285306
61200	1.305348
61300	1.306407
61400	1.297089
61500	1.300864
61600	1.307435
61700	1.311041
61800	1.316560
61900	1.327160
62000	1.339143
62100	1.333842
62200	1.334616
62300	1.337225
62400	1.346800
62500	1.339789
62600	1.347470
62700	1.389671
62800	1.384882
62900	1.375660
63000	1.412168
63100	1.424804
63200	1.409810
63300	1.430288
63400	1.432093
63500	1.423512
63600	1.465117
63700	1.457332
63800	1.444833
63900	1.488894
64000	1.487658
64100	1.448543
64200	1.451800
64300	1.465417
64400	1.477526
64500	1.471030
64600	1.467772
64700	1.442837
64800	1.510656
64900	1.511512
65000	1.521083
65100	1.513678
65200	1.519872
65300	1.481910
65400	1.501919
65500	1.516393
65600	1.527423
65700	1.490106
65800	1.488883
65900	1.485395
66000	1.471378
66100	1.486372
66200	1.508477
66300	1.481169
66400	1.477942
66500	1.485342
66600	1.487941
66700	1.490438
66800	1.497516
66900	1.559239
67000	1.521792
67100	1.502604
67200	1.517092
67300	1.564811
67400	1.558989
67500	1.552349
67600	1.587937
67700	1.552192
67800	1.537603
67900	1.537581
68000	1.545132
68100	1.561403
68200	1.620030
68300	1.557159
68400	1.570230
68500	1.578871
68600	1.572188
68700	1.626274
68800	1.652472
68900	1.677765
69000	1.681432
69100	1.677312
69200	1.629156
69300	1.612572
69400	1.610550
69500	1.634442
69600	1.643581
69700	1.680354
69800	1.676054
69900	1.703125
70000	1.755443
70100	1.724182
70200	1.736992
70300	1.708343
70400	1.698949
70500	1.721035
70600	1.724858
70700	1.714978
70800	1.717395
70900	1.735962
71000	1.755694
71100	1.741348
71200	1.815626
71300	1.780723
71400	1.795455
71500	1.785969
71600	1.761440
71700	1.805295
71800	1.783809
71900	1.784943
72000	1.779288
72100	1.757263
72200	1.778497
72300	1.843472
72400	1.809343
72500	1.801719
72600	1.842078
72700	1.880154
72800	1.857809
72900	1.849821
73000	1.826314
73100	1.879379
73200	1.837919
73300	1.848065
73400	1.871776
73500	1.905768
73600	1.917211
73700	1.894471
73800	1.887434
73900	1.888111
74000	1.898206
74100	1.925044
74200	1.943881
74300	1.942427
74400	1.898072
74500	1.926490
74600	1.928838
74700	1.908262
74800	1.895421
74900	1.881784
75000	1.935560
75100	1.966966
75200	2.002741
75300	2.016431
75400	1.981367
75500	1.988292
75600	1.966534
75700	1.986646
75800	1.999288
75900	2.052754
76000	2.015410
76100	2.014371
76200	1.997856
76300	2.003515
76400	2.041662
76500	2.083277
76600	2.039650
76700	2.032422
76800	2.027418
76900	2.079120
77000	2.080499
77100	2.073207
77200	2.077715
77300	2.097137
77400	2.086274
77500	2.040895
77600	2.023285
77700	2.079871
77800	2.031323
77900	2.118777
78000	2.085656
78100	2.105885
78200	2.105117
78300	2.078125
78400	2.062043
78500	2.070221
78600	2.104629
78700	2.111718
78800	2.115138
78900	2.186354
79000	2.170291
79100	2.217339
79200	2.203072
79300	2.205695
79400	2.233826
79500	2.184144
79600	2.199589
79700	2.195781
79800	2.214940
79900	2.199122
80000	2.266616
80100	2.207680
80200	2.217690
80300	2.177455
80400	2.245688
80500	2.209126
80600	2.222259
80700	2.209982
80800	2.211731
80900	2.228729
81000	2.209926
81100	2.211132
81200	2.217080
81300	2.226167
81400	2.229492
81500	2.230433
81600	2.236501
81700	2.242559
81800	2.245952
81900	2.251969
82000	2.256334
82100	2.264454
82200	2.270952
82300	2.276828
82400	2.280296
82500	2.284817
82600	2.299748
82700	2.297972
82800	2.306307
82900	2.310198
83000	2.315522
83100	2.321019
83200	2.329332
83300	2.329029
83400	2.335634
83500	2.344186
83600	2.344650
83700	2.361283
83800	2.358187
83900	2.372050
84000	2.380514
84100	2.381939
84200	2.386251
84300	2.390388
84400	2.396566
84500	2.402418
84600	2.440040
84700	2.469187
84800	2.507211
84900	2.509813
85000	2.543110
85100	2.534661
85200	2.502646
85300	2.569754
85400	2.595047
85500	2.546506
85600	2.561408
85700	2.639512
85800	2.588924
85900	2.545369
86000	2.579466
86100	2.637776
86200	2.540539
86300	2.561765
86400	2.575765
86500	2.609595
86600	2.561753
86700	2.531789
86800	2.539707
86900	2.536968
87000	2.542803
87100	2.550833
87200	2.559665
87300	2.649420
87400	2.579382
87500	2.585898
87600	2.593409
87700	2.634197
87800	2.637932
87900	2.624531
88000	2.640009
88100	2.630009
88200	2.630882
88300	2.761905
88400	2.760830
88500	2.789789
88600	2.709165
88700	2.736117
88800	2.755191
88900	2.744412
89000	2.668259
89100	2.671152
89200	2.686504
89300	2.682051
89400	2.693638
89500	2.694753
89600	2.701620
89700	2.706124
89800	2.715506
89900	2.726790
90000	2.725323
90100	2.736168
90200	2.741656
90300	2.753874
90400	2.752032
90500	2.759437
90600	2.764684
90700	2.771102
90800	2.776709
90900	2.781488
91000	2.791702
91100	2.793371
91200	2.879824
91300	2.857359
91400	2.813777
91500	2.817234
91600	2.827256
91700	2.830951
91800	2.874361
91900	2.980936
92000	2.993772
92100	2.896308
92200	2.901738
92300	2.902589
92400	2.903698
92500	2.910456
92600	2.906541
92700	2.892707
92800	2.942505
92900	2.953448
93000	3.036376
93100	3.068339
93200	3.033495
93300	3.018158
93400	3.075298
93500	3.013507
93600	2.955808
93700	2.963081
93800	2.968178
93900	2.974151
94000	2.976588
94100	3.078964
94200	3.093117
94300	3.157304
94400	3.116595
94500	3.160382
94600	3.073829
94700	3.078178
94800	3.070511
94900	3.045626
95000	3.055649
95100	3.059468
95200	3.066741
95300	3.078514
95400	3.077193
95500	3.082189
95600	3.090537
95700	3.095320
95800	3.104413
95900	3.116508
96000	3.198319
96100	3.147386
96200	3.131262
96300	3.138085
96400	3.140659
96500	3.153821
96600	3.187522
96700	3.278310
96800	3.295400
96900	3.278490
97000	3.194743
97100	3.194484
97200	3.248440
97300	3.309301
97400	3.276770
97500	3.319718
97600	3.334818
97700	3.331923
97800	3.345962
97900	3.356162
98000	3.382813
98100	3.361893
98200	3.398244
98300	3.415061
98400	3.383703
98500	3.358968
98600	3.364719
98700	3.345925
98800	3.474219
98900	3.362746
99000	3.361495
99100	3.321384
99200	3.350311
99300	3.436473
99400	3.336668
99500	3.364305
99600	3.346250
99700	3.350677
99800	3.355179
99900	3.362173
100000	3.370108
